[gd_scene load_steps=12 format=3 uid="uid://uusysh6cecr1"]

[ext_resource type="Script" path="res://scenes/level.gd" id="1_qoygn"]
[ext_resource type="PackedScene" uid="uid://duy0dbkychify" path="res://cars/BaseCar.tscn" id="3_jndew"]
[ext_resource type="AudioStream" uid="uid://ckvpt2qrxs7my" path="res://assets/sounds/happy.mp3" id="4_ddfnh"]
[ext_resource type="PackedScene" uid="uid://c3uk6bbkmlydk" path="res://scenes/floor_tile.tscn" id="4_y445b"]
[ext_resource type="PackedScene" uid="uid://61ut5m70glvx" path="res://scenes/finish_line.tscn" id="5_c44sf"]

[sub_resource type="ProceduralSkyMaterial" id="ProceduralSkyMaterial_6i2r3"]
sky_top_color = Color(0.478431, 0.956863, 1, 1)
sky_horizon_color = Color(0.754714, 0.809744, 0.75, 1)
ground_bottom_color = Color(0.540426, 0.282115, 0, 1)
ground_horizon_color = Color(0.754714, 0.809744, 0.75, 1)

[sub_resource type="Sky" id="Sky_j7qja"]
sky_material = SubResource("ProceduralSkyMaterial_6i2r3")

[sub_resource type="Environment" id="Environment_n6cbw"]
background_mode = 2
sky = SubResource("Sky_j7qja")
tonemap_mode = 2
ssao_enabled = true
glow_enabled = true

[sub_resource type="WorldBoundaryShape3D" id="WorldBoundaryShape3D_2wnsn"]

[sub_resource type="StandardMaterial3D" id="StandardMaterial3D_4nvrg"]
albedo_color = Color(1, 0.501961, 0.00784314, 1)
emission_enabled = true
emission_energy_multiplier = 16.0

[sub_resource type="PlaneMesh" id="PlaneMesh_mc82a"]
material = SubResource("StandardMaterial3D_4nvrg")

[node name="Level" type="Node3D"]
script = ExtResource("1_qoygn")

[node name="WorldEnvironment" type="WorldEnvironment" parent="."]
environment = SubResource("Environment_n6cbw")

[node name="DirectionalLight3D" type="DirectionalLight3D" parent="."]
transform = Transform3D(-0.866025, -0.433013, 0.25, 0, 0.5, 0.866025, -0.5, 0.75, -0.433013, 0, 0, 0)
shadow_enabled = true

[node name="car" parent="." instance=ExtResource("3_jndew")]
transform = Transform3D(1, 0, 0, 0, 1, 0, 0, 0, 1, 0.130992, 0, 2.26359)

[node name="AudioStreamPlayer" type="AudioStreamPlayer" parent="."]
stream = ExtResource("4_ddfnh")
autoplay = true

[node name="Lava" type="Area3D" parent="."]
transform = Transform3D(10, 0, 0, 0, 1, 0, 0, 0, 10, 0.000709534, -24.5274, -0.0475006)

[node name="CollisionShape3D" type="CollisionShape3D" parent="Lava"]
shape = SubResource("WorldBoundaryShape3D_2wnsn")

[node name="MeshInstance3D" type="MeshInstance3D" parent="Lava"]
transform = Transform3D(200, 0, 0, 0, 200, 0, 0, 0, 200, -0.0388855, 0.0651169, 0.0672928)
mesh = SubResource("PlaneMesh_mc82a")
skeleton = NodePath("")

[node name="floors" type="Node3D" parent="."]

[node name="floor_tile" parent="floors" instance=ExtResource("4_y445b")]
transform = Transform3D(1, 0, 0, 0, 1, 0, 0, 0, 1, -0.00919151, 0.0328088, 0.0199165)

[node name="floor_tile2" parent="floors" instance=ExtResource("4_y445b")]
transform = Transform3D(1, 0, 0, 0, 0.982584, -0.185821, 0, 0.185821, 0.982584, -0.0091877, 2.11428, -19.7496)

[node name="floor_tile3" parent="floors" instance=ExtResource("4_y445b")]
transform = Transform3D(0.999999, -0.000354577, -0.000971442, -9.67541e-05, 0.903173, -0.429278, 0.00102959, 0.429277, 0.903172, -0.00919151, 0.0328088, -39.4606)

[node name="floor_tile4" parent="floors" instance=ExtResource("4_y445b")]
transform = Transform3D(1, 0, 0, 0, 0.999702, -0.0243973, 0, 0.0243973, 0.999702, -0.0276451, 4.57821, -58.3072)

[node name="floor_tile5" parent="floors" instance=ExtResource("4_y445b")]
transform = Transform3D(1, 0, 0, 0, 1, 0, 0, 0, 1, -0.0276451, -6.72257, -90.3873)

[node name="floor_tile6" parent="floors" instance=ExtResource("4_y445b")]
transform = Transform3D(1, 0, 0, 0, 0.974221, -0.225597, 0, 0.225597, 0.974221, 0.0572653, -4.45358, -109.496)

[node name="floor_tile7" parent="floors" instance=ExtResource("4_y445b")]
transform = Transform3D(1, 0, 0, 0, 0.925745, -0.378148, 0, 0.378148, 0.925745, 0.0572653, 1.53337, -128.313)

[node name="floor_tile8" parent="floors" instance=ExtResource("4_y445b")]
transform = Transform3D(1, 0, 0, 0, 0.974221, -0.225597, 0, 0.225597, 0.974221, 0.0572748, 7.62476, -146.755)

[node name="floor_tile9" parent="floors" instance=ExtResource("4_y445b")]
transform = Transform3D(1, 0, 0, 0, 0.925745, -0.378148, 0, 0.378148, 0.925745, 0.0572748, 13.6117, -165.572)

[node name="floor_tile11" parent="floors" instance=ExtResource("4_y445b")]
transform = Transform3D(1, 0, 0, 0, 0.994034, 0.109075, 0, -0.109075, 0.994034, 0.057271, 16.2085, -184.461)

[node name="floor_tile27" parent="floors" instance=ExtResource("4_y445b")]
transform = Transform3D(1, 0, 0, 0, 0.926607, -0.37603, 0, 0.37603, 0.926607, 0.0572691, 17.6809, -199.942)

[node name="floor_tile10" parent="floors" instance=ExtResource("4_y445b")]
transform = Transform3D(1, 0, 0, 0, 0.920049, 0.204792, 0, -0.014116, 13.3478, 0.0572863, 2.72824, -355.119)

[node name="floor_tile12" parent="floors" instance=ExtResource("4_y445b")]
transform = Transform3D(0.414685, 0.0396288, 12.1339, -0.0236782, 0.919284, -0.487711, -0.909657, -0.00586323, 5.54416, -106.267, 2.72824, -533.513)

[node name="floor_tile13" parent="floors" instance=ExtResource("4_y445b")]
transform = Transform3D(-1.12747, 0.00387596, -1.42662, 4.96305e-10, 0.928619, 0.0804578, 0.318744, 0.0137101, -5.04627, -202.758, 2.72824, -538.537)

[node name="floor_tile14" parent="floors" instance=ExtResource("4_y445b")]
transform = Transform3D(-1.13271, -0.119397, -1.15914, -0.0438211, 0.860194, -1.96757, 0.296352, -0.329161, -4.72139, -179.377, 19.6509, -448.844)

[node name="floor_tile15" parent="floors" instance=ExtResource("4_y445b")]
transform = Transform3D(1.17166, 0, 0, 0, 0.928728, 0, 0, 0, 5.24467, -168.911, 38.3977, -351.918)

[node name="floor_tile16" parent="floors" instance=ExtResource("4_y445b")]
transform = Transform3D(0.873647, 0, -3.49472, 0, 0.928728, 0, 0.78072, 0, 3.91069, -200.139, 37.9167, -271.035)

[node name="floor_tile17" parent="floors" instance=ExtResource("4_y445b")]
transform = Transform3D(1.16422, 0, 0.589893, 0, 0.928728, 0, -0.131782, 0, 5.21139, -229.606, 37.0057, -189.696)

[node name="floor_tile18" parent="floors" instance=ExtResource("4_y445b")]
transform = Transform3D(0.800474, 0, 3.82983, 0, 0.928728, 0, -0.855584, 0, 3.58314, -190.523, 35.7761, -112.254)

[node name="floor_tile19" parent="floors" instance=ExtResource("4_y445b")]
transform = Transform3D(-0.324977, 0, 5.03889, 0, 0.928728, 0, -1.12569, 0, -1.45469, -111.57, 34.7708, -87.4271)

[node name="floor_tile20" parent="floors" instance=ExtResource("4_y445b")]
transform = Transform3D(-0.305069, -0.320064, 4.73021, -0.111996, 0.871834, 1.73653, -1.12569, 0, -1.45469, -13.24, 41.4145, -115.844)

[node name="floor_tile21" parent="floors" instance=ExtResource("4_y445b")]
transform = Transform3D(14.3355, 0, 0, 0, 0.928728, 0, 0, 0, 3.23173, 175.834, 56.3278, -121.589)

[node name="floor_tile23" parent="floors" instance=ExtResource("4_y445b")]
transform = Transform3D(14.3355, 0, 0, 0, 0.131828, 0.730049, 0, -0.100827, 0.954519, 330.057, 63.3426, -80.7279)

[node name="floor_tile24" parent="floors" instance=ExtResource("4_y445b")]
transform = Transform3D(14.3355, 0, 0, 0, 0.0823175, 1.04347, 0, -0.144113, 0.596029, 330.057, 80.0563, -66.1057)

[node name="floor_tile25" parent="floors" instance=ExtResource("4_y445b")]
transform = Transform3D(14.3355, 0, 0, 0, 0.0167201, 1.19558, 0, -0.165122, 0.121064, 330.057, 100.445, -59.4519)

[node name="floor_tile22" parent="floors" instance=ExtResource("4_y445b")]
transform = Transform3D(3.60939, 0, 0, 0, 0.928728, 0, 0, 0, 3.23173, 444.226, 56.3278, -121.589)

[node name="floor_tile26" parent="floors" instance=ExtResource("4_y445b")]
transform = Transform3D(0.0144888, -0.92872, 0, 3.60936, 0.0037281, 0, 0, 0, 6.40673, 476.438, 82.1131, -113.061)

[node name="Finish line" parent="." instance=ExtResource("5_c44sf")]
transform = Transform3D(0.240489, 0, 0.997715, 0, 3.59814, 0, -3.55137, 0, 0.0675625, 461.271, 70.3088, -120.989)

[connection signal="finished" from="AudioStreamPlayer" to="." method="_on_audio_stream_player_finished"]
[connection signal="area_entered" from="Lava" to="." method="_on_lava_area_entered"]
[connection signal="area_shape_entered" from="Lava" to="." method="_on_lava_area_shape_entered"]
[connection signal="body_entered" from="Lava" to="." method="_on_lava_body_entered"]
[connection signal="body_shape_entered" from="Lava" to="." method="_on_lava_body_shape_entered"]
